2
48
85
123
159
201
233
270
307
343
380
418
455
493
528
565
602
638
674
715
750
790
827
894
913
990
981
1011
1049
1089
1127
1160
1197
1252
1302
1356
1410
1448
1487
1526
1562
1672
1710
1690
1720
1757
1798
1835
1877
1913
1954
1996
2032
2067
2108
2235
2202
2231
2280
2321
2353
2393
2430
2476
2535
2546
2586
2627
2745
2708
2744
2779
2828
2859
2908
2951
2978
3014
3129
3089
3135
3168
3207
3251
3285
3327
3363
3402
3513
3483
3523
3557
3600
3636
3675
3716
3824
3796
3835
3871
3907
3945
3987
4030
4144
4106
4142
4178
4215
4255
4295
4393
4384
4421
4454
4495
4529
4569
4673
4654
4692
4799
4768
4804
4925
4883
4922
4973
5001
5033
5163
5150
5155
5191
5248
5292
5380
5351
5387
5425
5470
5504
5610
5601
5622
5662
5699
5801
5779
5817
5855
5892
6002
5972
6015
6046
6107
6191
6177
6203
6253
6286
6394
6360
6396
6442
6481
6584
6557
6607
6630
6769
6714
6745
6787
6825
6945
6928
6945
6994
7102
7065
7122
7147
7200
7304
7269
7325
7360
7507
7438
7469
7547
7624
7606
7635
7672
7794
7832
7807
7846
7955
7943
7956
7984
8112
8070
8103
8239
8225
8234
8266
8371
8363
8411
8424
8553
8497
8562
8644
8636
8658
8692
8822
8786
8827
8935
8910
8930
8971
9100
9067
9121
9235
9181
9226
9343
9292
9347
9388
9536
9484
9525
9647
9613
9649
9764
9733
9803
9903
9872
9909
10015
9990
10028
10140
10226
10170
10286
10234
10276
10375
10353
10394
10549
10493
10525
10625
10609
10632
10745
10723
10794
10887
10856
10880
10997
10957
11067
11042
11114
11215
11173
11204
11323
11278
11324
11435
11439
11541
11513
11532
11648
11618
11730
11701
11779
11886
11848
11953
11990
11939
12064
12027
12106
12219
12186
12286
12251
12279
12393
12370
12533
12481
12513
12604
12574
12677
12648
12772
12771
12810
12915
12875
12985
12938
13027
13027
13123
13219
13180
13266
13235
13344
13309
13341
13509
13471
13570
13530
13721
13615
13721
13674
13762
13872
13822
13919
13890
13983
13945
14059
14092
14184
14149
14167
14280
14245
14369
14335
14517
14484
14569
14506
14610
14561
14696
14634
14824
14779
14878
14819
14994
14886
15006
14967
15153
15091
15184
15136
15249
15198
15321
15286
15395
16255
16832
17368
18153
18712
19475
20104
20687
21411
22053
22648
23364
24020
24693
25343
26022
26684
27341
27980
28612
29268
29914
30585
31325
33978
36489
39173
41672
44237
46964
49463
52088
54660
57282
59927
62470
65069
67787
70273
72830
75430
78105
80692
83329
125120
166978
211140
263690
326289
383934
452361
521420
589830
655241
720328
783885
847207
908870
971725
1038693
1104054
1169309
1236563
1306117
1371033
1436922
1503798
1570510
1635064
1712408
1769610
1835489
1907372
