3
88
165
234
306
381
454
527
640
681
755
823
895
971
1049
1118
1264
1269
1342
1417
1493
1567
1640
1713
1887
1866
1937
2012
2084
2161
2233
2307
2540
2473
2591
2650
2732
2811
2884
2984
3438
3113
3186
3262
3337
3412
3488
3564
3896
3749
3794
3893
3942
4018
4093
4171
4518
4325
4397
4472
4548
4626
4698
4792
5170
4929
5005
5079
5157
5241
5309
5387
5809
5536
5609
5685
5764
5837
5912
5992
6460
6141
6223
6292
6367
6443
6517
6597
7098
6748
6820
6897
6976
7049
7125
7204
7752
7354
7428
7499
7575
7655
7726
7803
8384
7955
8026
8106
8180
8259
8329
8406
9223
8559
8633
8709
8786
8861
8934
9014
9669
9160
9237
9314
9393
9468
9541
9615
10317
9770
9844
9938
10012
10085
10147
10240
10974
10391
10451
10547
10618
10697
10768
10847
11623
11000
11073
11153
11231
11301
11383
11453
12269
11612
11685
11759
11839
11912
11987
12059
12920
12213
12287
12365
12444
12518
12594
12669
13560
12821
12896
12970
13049
13122
13207
13281
14210
13432
13504
13584
13663
13739
13812
13898
14862
14050
14124
14205
14289
14363
14437
14534
15524
14666
14747
14815
14873
14967
15042
15117
16165
15271
15349
15424
15502
15578
15651
15738
16818
15883
15957
16030
16107
16184
16261
16335
17468
16485
16563
16643
16718
16791
16871
16941
18115
17100
17175
17242
17331
17399
17479
17556
18769
17717
17788
17867
17945
18017
18114
18168
19410
18341
18402
18488
18560
18629
18714
18791
20728
18949
19017
19090
19167
19245
19328
19396
19574
19617
19636
19721
19792
19860
19942
20013
20142
20153
20255
20325
20403
20495
20562
20633
20803
20823
20914
20961
21048
21147
21219
21287
21394
21446
21520
21619
21668
21762
21834
21913
22024
22098
22142
22233
22296
22387
22433
22550
22612
22693
22802
22849
22916
22992
23061
23150
23278
23317
23374
23488
23552
23624
23691
23778
23847
23930
24000
24058
24160
24225
24308
24374
24541
24597
24633
24711
24782
24880
24962
24996
25104
25314
25301
25343
25424
25467
25586
25664
25707
25809
25895
25960
26033
26105
26180
26256
26379
26393
26473
26578
26627
26719
26802
26837
26980
27049
27092
27188
27243
27265
27390
27501
27591
27650
27751
27821
27850
27931
28027
28062
28219
28271
28256
28366
28461
28530
28622
28737
28844
28899
28995
29050
29114
29222
29284
29361
29442
30739
31920
33134
34389
35571
36819
38041
39280
40500
41758
42940
44235
45404
46681
47849
49138
50347
51596
52785
54055
55249
56516
57712
59005
63875
68853
73719
78666
83523
88552
93370
98313
103226
108212
113088
117937
122893
127732
132771
137609
142557
147424
152383
157239
236085
314921
395514
477874
565783
665184
766262
856924
949417
1055684
1135313
1225767
1318475
1433479
1505107
1597877
1685693
1819190
1869522
1964745
2048380
2193591
2228872
2327841
2406730
2566254
2589936
2694446
2776844
