34
574
1111
1696
2189
2727
3293
3758
4352
4878
5409
5903
6489
7029
7562
8154
8616
9146
9724
10261
10786
11309
11846
12363
12871
13490
13978
14443
14931
15494
15991
16582
17066
17625
18105
18665
19187
19675
20243
22007
21270
21922
22475
22878
23431
23982
24486
25011
25512
26085
26635
27154
27684
28222
28746
29286
29805
30340
30874
31444
31930
32454
32991
33604
34079
34577
35259
35653
36175
36753
37254
37776
38315
39093
39410
39916
40418
40963
41471
42099
42559
43073
43596
44124
44663
45189
45717
46296
46812
47321
47837
48355
49075
49501
49984
50493
51028
51528
52140
52622
53142
53666
54170
54696
56029
55799
56302
56836
57401
57956
58426
59012
59468
60070
60663
61110
61631
62483
62746
63377
63816
64479
64840
65316
65851
66422
67023
67514
68217
68595
69046
69585
70077
70609
71239
71680
72200
72927
73331
73819
74318
75304
75438
75882
76445
76982
77499
78017
78694
79138
79637
80156
80818
81243
81799
82332
82925
83500
84419
84629
84916
85627
85974
86502
87194
87663
88808
90850
91259
92136
92403
92916
91837
91871
92739
93610
94199
94460
94706
96490
96030
96452
96639
100424
98073
98259
99439
101919
103328
100275
101132
101343
101887
102407
102926
103562
104119
104556
105056
105680
106641
106815
107284
107789
108843
110430
110879
111531
111938
112654
112145
112056
112607
113803
113676
114259
114716
115316
115783
116536
116871
117320
117907
118501
118913
119568
119939
120512
121746
121628
122031
122676
123210
123683
124274
124716
125866
126131
126371
126867
127382
128363
132968
134497
135573
135592
137711
139265
138863
137730
138716
141653
139836
140439
144603
141467
142003
143359
143279
141803
140063
140963
141169
141738
142312
142803
143306
143758
144505
144824
145472
146058
146550
147081
147611
148290
148834
149299
150541
150609
153511
152548
150994
150217
150939
151390
151858
152280
153131
153359
153891
154431
154994
155493
156001
156596
163159
159265
160913
158782
159277
160451
160330
160858
161364
161909
162502
163060
163428
163970
164572
165086
165669
166188
166685
167253
167776
168351
168882
169395
169915
170834
170991
171350
172050
172512
173030
173582
174130
174640
178185
178651
176999
176839
180120
179862
178486
179130
179359
179892
180562
181126
181611
182112
182727
183397
183768
184234
184837
185328
185869
186423
186921
187431
187985
188507
189297
189552
190113
191232
197988
192871
192245
193038
197497
194341
194632
194911
198574
197881
197584
202480
199046
200047
199349
199745
199834
200634
201035
201327
205566
208225
208560
206001
210597
214732
225768
230361
237846
246130
261462
265207
271798
280233
288542
296751
305200
313664
322237
330720
341058
347769
356202
365032
374935
386649
390135
399228
407071
442642
476252
510030
542529
576296
618246
646120
688742
711830
771330
780508
813544
847775
881904
915849
950034
987824
1059052
1052725
1085982
1631037
2177652
2752405
3458415
4293012
5313787
6517641
7770899
9044246
10129767
11142087
12079320
13255431
14338470
15448439
16408514
17494027
18633347
19781551
20812676
21729901
22860046
23900180
24980828
26364853
27158224
28221466
29292400
30388844
