4
73
142
194
264
360
427
502
561
604
668
733
800
866
930
997
1063
1135
1288
1327
1338
1393
1473
1530
1593
1660
1718
1781
2192
2036
2028
2067
2111
2213
2286
2365
2429
2500
2567
2628
2698
2961
2832
2905
2983
3036
3094
3185
3237
3303
3372
3583
3511
3576
3655
3717
3771
3845
3924
4106
4048
4113
4188
4262
4311
4376
4570
4522
4582
4739
4791
4801
4843
5043
5008
5053
5123
5178
5362
5417
5399
5456
5516
5595
5779
5728
5801
5854
5925
6102
6062
6132
6210
6257
6444
6394
6468
6529
6588
6778
6725
6787
6843
6964
7087
7047
7116
7185
7386
7323
7398
7452
7656
7599
7650
7716
7912
7861
7915
7985
8189
8142
8191
8340
8400
8425
8474
8682
8617
8675
8748
8941
8877
8933
9205
9086
9145
9342
9302
9358
9403
9612
9565
9593
9846
9952
9825
10052
9944
10033
10234
10148
10256
10527
10382
10436
10625
10566
10616
10829
10793
10811
11035
10990
11174
11083
11152
11362
11318
11347
11569
11485
11701
11632
11676
11894
11855
11879
12131
12056
12268
12188
12245
12583
12441
12624
12543
12606
12706
12794
12846
12890
12992
13049
13112
13177
13247
13340
13386
13470
13528
13623
13665
13720
13843
13867
13950
14004
14179
14175
14246
14305
14369
14416
14524
14585
14747
14732
14815
14907
14961
15059
15116
15176
15368
15364
15407
15519
15436
15587
15601
15675
15738
15808
15842
15915
15986
16086
16155
16227
16326
16348
16397
16469
16549
16630
16697
16782
16873
16925
17159
17119
17110
17172
17256
17379
17398
17423
17502
17544
17663
17753
17871
17891
17950
17951
18070
18136
18212
18305
18410
18434
18646
18567
18610
18689
18762
18924
18943
19042
19185
19107
19182
19460
19261
19397
19542
19570
19775
19683
19724
19869
19909
19972
20046
20106
20345
20248
20268
20344
20452
20575
20698
20725
20952
20797
20865
20951
21017
21134
21225
21239
21544
21435
21439
21572
21680
21772
21843
22010
22117
21915
21979
22031
22144
22250
22363
22413
22634
22536
22595
22631
22796
22952
23016
23026
23216
23098
23134
23218
23344
23470
23620
23644
23734
23678
23687
23808
23865
23990
24098
24241
24345
24157
24205
24253
24414
24494
24614
24657
24891
24878
24862
24949
25008
25128
25311
25385
25410
25366
26039
25383
25470
25633
25806
25976
26026
26020
25985
25988
26124
26225
26416
26487
26719
27936
29248
30362
31250
32527
33518
34831
35837
37112
38100
39317
40362
41720
42563
43938
44832
46254
47104
48648
49338
50911
51596
53201
53986
58971
63193
68127
72066
77008
81120
86452
90332
95363
99458
104410
108690
113433
117457
122359
126629
131616
135554
140504
144700
218239
290598
365922
442013
529967
632388
738009
834412
936181
1037194
1108443
1189973
1284706
1407733
1471567
1565514
1651423
1798943
1837908
1935421
2023224
2186369
2207357
2306427
2395120
2572120
2577868
2675163
2758228
