3
69
168
245
325
404
483
563
641
721
797
872
956
1036
1136
1262
1354
1362
1217
1284
1352
1464
1744
1819
1904
1982
2058
2135
2241
2443
2532
2265
2260
2625
2686
2784
2843
2943
3201
3234
2693
2760
2827
2891
2963
3027
3505
3706
3787
3865
4205
3902
3497
4222
4296
4568
4730
4492
4726
4649
4727
4805
4885
4967
5044
5121
5366
5341
5355
5609
5689
5593
5709
5814
6088
6704
5981
6096
6139
6221
6294
6373
6557
6610
6625
7515
6773
7094
6923
7258
7081
7443
7353
7327
7395
7677
8025
7725
7710
7794
7896
7989
8378
8231
9122
8274
8339
8586
8499
8676
8757
8834
9393
8891
9126
9155
9452
9362
9833
9358
9744
9657
10447
9679
9906
9891
10097
10027
10841
10313
10410
11062
10868
10584
11248
10620
10761
10944
10898
10977
11308
11089
11386
11456
11762
12256
12021
11941
11944
11928
12768
11889
12079
12982
12110
12618
12450
12638
13417
12552
13454
12848
12852
13246
12995
13814
13862
13871
13701
13624
13369
13747
14587
13775
14385
13977
14606
14149
14176
14074
15390
14284
15250
14711
15597
15212
15771
14751
14848
14361
15740
15173
14935
15705
16028
15749
16468
15264
16479
16364
16583
16565
16408
16950
16946
16380
17060
16188
17158
16622
16969
16839
16995
17182
17296
17527
17950
17839
17140
17323
17409
17686
17886
17897
18187
18746
18945
17490
18783
18776
17539
18919
18873
19225
18720
18230
19268
20039
19052
19346
19394
19781
19227
19781
19818
20351
20581
20364
18563
20656
18657
20684
20304
20303
20900
20296
20634
21478
20925
20930
21008
20975
21147
21967
21492
22043
22020
21445
20668
21473
22308
20152
21774
22447
22837
21787
22565
22192
23199
22445
22725
21683
21630
23101
22706
21986
22980
23550
22278
22052
23983
23333
22341
22874
24259
23772
23116
24280
23867
24141
24092
24285
24225
24215
23009
23262
23425
25203
23205
25111
24683
25432
25803
23753
23994
24627
25470
25968
22657
25190
26280
25605
25399
26547
24703
26251
26331
26127
27114
26623
25315
25093
26394
27015
26311
26175
25931
26923
28230
28048
27355
27678
29522
25151
28301
25608
27431
28329
26810
25899
28581
25554
28275
28877
28288
28133
28401
27510
25648
27364
26749
28190
29681
29399
29556
29364
29846
30337
27587
30100
29327
27167
27229
28080
27285
30384
29809
30610
30530
30354
29911
30596
30785
28527
31502
30326
34032
32912
35414
35716
37254
39655
36497
41638
43185
39680
43351
45656
50008
47492
51115
50479
51919
53090
54265
58618
54428
59834
57654
65563
66951
76766
77225
81603
90078
90753
100440
101668
112685
114680
112685
124389
123367
137450
138837
138568
147675
150597
