2
46
87
123
160
202
233
270
306
345
383
418
456
493
530
579
607
638
676
717
755
792
823
866
970
1045
974
1016
1058
1090
1124
1161
1198
1268
1304
1360
1413
1451
1501
1562
1565
1616
1643
1688
1719
1763
1809
1838
1894
1916
1967
1994
2035
2070
2154
2177
2209
2253
2324
2324
2360
2404
2445
2478
2532
2558
2597
2698
2677
2743
2758
2798
2870
2876
2910
2945
2992
3027
3076
3104
3155
3181
3222
3264
3302
3331
3375
3429
3463
3500
3531
3567
3612
3643
3690
3724
3792
3811
3853
3882
3919
3958
3997
4018
4071
4107
4133
4171
4212
4251
4293
4343
4379
4407
4465
4482
4527
4560
4616
4648
4705
4737
4762
4800
4853
4882
4916
4960
4993
5028
5084
5108
5163
5191
5225
5265
5325
5338
5396
5424
5458
5503
5558
5591
5614
5654
5706
5745
5789
5810
5857
5890
5948
5965
6028
6043
6087
6141
6182
6208
6246
6294
6341
6373
6402
6439
6481
6529
6569
6594
6641
6673
6733
6758
6797
6830
6885
6922
6960
7000
7047
7106
7146
7165
7218
7267
7288
7330
7367
7421
7464
7483
7531
7581
7619
7654
7683
7765
7796
7883
7949
7974
8007
8028
8072
8139
8195
8198
8304
8325
8334
8372
8427
8475
8461
8540
8652
8632
8643
8718
8736
8771
8798
8938
8958
8958
9003
9037
9085
9105
9188
9212
9281
9298
9345
9379
9445
9471
9502
9543
9669
9757
9679
9743
9753
9774
9851
9878
9972
9996
9996
10027
10081
10134
10153
10228
10226
10315
10373
10373
10456
10675
10525
10546
10620
10661
10697
10815
10778
10808
10882
10878
10900
10967
10986
11034
11056
11067
11146
11153
11244
11371
11321
11389
11407
11440
11507
11507
11726
11688
11625
11648
11724
11709
11791
11803
11937
11992
12043
12030
12069
12118
12167
12179
12310
12323
12368
12349
12339
12430
12475
12499
12689
12610
14655
12735
12797
12717
12810
13008
13200
13059
12989
13009
13056
13063
13132
13161
13396
13390
13376
13383
13425
13442
13509
13527
13719
13677
13648
13687
13673
13711
13786
13890
14031
13950
13991
13957
14011
14021
14115
14128
14427
14348
14384
14346
14368
14510
14541
14646
14709
14724
14616
14832
14688
14892
14742
14855
15090
15222
15090
15193
15104
15252
15154
15292
15440
15445
15298
15436
15330
15420
15407
15418
15762
16492
17104
17828
18498
19137
19879
20525
21241
21933
22493
23217
23866
24523
25222
25855
26527
27179
27878
28511
29208
29855
30620
31241
31875
34606
37282
39940
42616
45253
47914
50546
53158
55832
58524
61126
63831
66486
69180
71887
74524
77220
79762
82675
85000
127780
170599
214854
263095
317820
377681
454540
525873
590729
693933
706583
771794
825854
969116
949967
1027730
1073749
1276478
1200747
1290428
1335589
1580566
1459866
1553398
1596808
1908389
1717659
1840143
1915023
