2
70
176
257
340
420
580
579
663
752
829
908
986
1067
1161
1235
1309
1397
1474
1591
1652
1725
1892
1878
1962
2051
2206
2290
2291
2398
2409
2600
2583
2666
2865
2822
2835
3074
3140
3310
3158
3243
3266
3552
3634
3702
3744
3933
3886
3978
4173
4144
4264
4311
4318
4472
4515
4326
4335
4499
4489
4990
4722
4852
4772
4861
4932
5324
5224
5755
5616
5628
5399
6099
5844
5614
5593
5717
6297
6148
5927
6739
6521
6414
6547
6357
6381
6891
6799
7188
6755
6763
7149
7332
6877
7181
7642
7506
7447
7739
8033
7775
7526
7504
8256
8195
7866
7863
8436
8061
7959
8599
8736
9106
8726
8589
8826
8518
9531
9042
8684
8901
9715
9710
8980
10049
9697
9205
9985
9908
9403
10101
10207
10600
10603
10557
9890
10652
10785
10050
11099
10646
10918
11399
10686
10642
11588
10960
11194
11106
11100
11719
11778
11342
12010
11747
12367
11879
11292
12676
12199
12114
12804
11629
13200
12004
12372
13155
12551
13136
12379
13209
12683
12798
13056
12541
13959
12605
13471
13700
13275
14227
14476
14269
13214
14394
13886
14319
14748
14814
14802
15053
13865
14813
14419
14471
15349
15754
14827
15319
15014
15011
15107
15354
15350
15121
16350
16412
15495
15667
16343
16278
15720
16835
16314
16861
16782
16410
16687
16644
16372
16586
17277
16163
17400
16451
17513
16270
17558
16795
17500
17837
17077
18347
18236
17480
17779
17255
18138
17560
18562
18053
18268
18779
18600
18465
18337
18501
19195
19227
19052
18795
19205
19537
18762
19041
19890
18334
19731
19265
19241
19551
19458
20015
20286
20667
19370
20681
19792
21334
21270
19682
20688
20682
20454
21115
21101
20483
20857
21297
21489
21466
22284
21283
21930
20856
22273
21227
21429
22447
21267
22570
22449
23419
22519
21008
23078
22816
23116
21835
23346
22534
23506
22446
23579
22792
22996
22256
23432
23667
23154
23786
23283
23714
23665
24955
22907
23970
23755
23866
23259
24377
24304
24293
23716
24314
24504
25234
25278
24737
24920
25368
25112
25359
25019
26486
24277
25240
26967
26852
25788
26556
24792
25516
25582
26330
25571
25896
25854
25122
25917
26936
26609
26479
27828
26786
26708
26244
27978
26817
27384
26897
26727
26605
27589
26382
27481
27473
28030
28290
27059
27599
27897
28799
27264
29321
29222
27426
28855
27847
28710
29812
28592
29352
29235
30741
30951
32560
33408
35653
35579
36846
39088
39659
40519
41593
42652
44227
44759
46103
47650
50042
49096
52658
52137
52558
53433
55129
57450
61100
67610
70506
74225
79240
83366
87128
93163
98973
101203
106287
110459
114943
120294
123337
128853
134564
139405
141459
146320
239826
364292
506199
627968
735147
843180
947796
1050928
1154592
1263663
1366494
1469969
1588146
1614531
1710126
1807299
1911061
2008524
2111749
2211485
2316649
2415703
2513052
2611179
2711042
2811720
2916199
3020495
3111291
