3
217
371
502
742
824
996
1150
1310
1478
1641
1845
2024
2149
2361
2482
2690
2788
3022
2988
3178
3490
3658
3838
3976
4135
4334
4275
4596
4632
4965
5075
5267
5379
5509
5570
5731
5922
6349
6224
6382
6993
6861
7300
7029
7107
7582
7694
7884
7935
8081
8142
8578
8476
8681
8545
8767
8903
9432
9462
9381
10071
9719
10094
10099
10248
10495
10634
10926
10789
10777
11570
11828
11802
11357
11532
12182
12491
12653
12763
13092
12344
12506
13442
13498
13768
13663
13806
14159
13599
14351
14391
14372
14311
15101
14701
15026
15393
15423
16003
16197
16251
16229
15920
16565
16725
16786
17303
16867
17381
18089
17970
18150
18097
18326
17556
18592
18402
18746
18826
19363
19089
19489
19721
19673
19267
19988
20145
20387
21070
20760
21317
21064
21064
20702
21354
21472
21968
22490
21475
22699
22247
23014
21993
23121
22959
23182
22915
23195
23992
23562
24206
23910
23875
24050
24159
24559
24606
25642
25048
24522
25009
25308
25865
25925
27010
26209
26004
26345
27137
27723
26900
27102
26622
28153
28032
28626
28146
27739
28077
28158
29568
28091
28708
28525
28714
29413
29152
30356
29156
30426
30380
29666
30992
30905
30777
30100
30624
31534
30907
31520
31249
31694
31871
32936
32550
31972
31874
33204
33475
33686
32708
33406
33958
32541
34056
34020
32792
33316
35688
34497
34221
34889
34133
35403
35550
35686
35259
36254
36648
36545
36372
36666
37696
35874
35866
36284
36713
37489
37152
37883
38021
36814
37913
38388
39016
38512
38718
37492
38709
38231
39601
39283
39759
40044
38983
41209
40624
40120
41596
41255
41136
41648
41550
41663
41104
41411
41726
41745
41639
42380
43424
41456
41399
42569
43310
43810
44400
43332
44456
44600
42959
43702
44323
44000
45017
45556
46035
45259
46171
45852
45488
45228
46726
47343
46191
45112
46364
48013
48480
47870
47972
47907
47869
47675
47955
49632
49464
50131
49172
49656
48680
49804
49977
50709
51513
52012
51534
51000
49803
49504
50828
52326
53033
63572
59116
52913
53230
53653
53914
51922
51305
52899
52605
52321
50101
51392
55274
54491
55016
54670
54041
53197
51433
50816
50118
51745
49707
50847
53336
52872
54537
52616
51518
51713
51110
55007
57144
57532
59305
57317
57135
56821
57089
57225
57958
57975
56417
57340
56007
55334
56214
59819
59560
58095
54315
59442
60364
59231
58836
57587
55428
60113
55183
56593
60804
65989
67974
69354
67125
78327
80173
80831
78323
79911
81336
85223
84933
87032
95188
99117
102747
99482
106266
112685
109172
108520
116755
122326
133818
134882
153081
159342
167909
166245
195683
197225
200999
201755
220213
242329
235506
244195
247950
279373
274806
293221
284899
323746
466970
633965
815968
992910
1170542
1301017
1406945
1560977
1711424
1867696
2035958
2183251
2335842
2500251
2652065
2798415
2942831
3114007
3260418
3420482
3570221
3727604
3885566
4031448
4187391
4331176
4504387
4661906
4818247
