2
28
77
135
189
216
257
360
351
382
418
461
499
538
585
620
660
705
742
785
826
867
904
947
989
1025
1067
1108
1151
1200
1236
1340
1318
1391
1401
1536
1472
1604
1561
1676
1634
1684
1726
1845
1848
1864
1961
1921
1963
2021
2129
2083
2140
2140
2218
2296
2314
2315
2354
2442
2440
2532
2550
2617
2545
2684
2574
2681
2862
2831
2942
3004
2944
2853
3079
3180
3193
3077
3112
3268
3086
2928
3045
3001
3228
2958
3461
3607
3505
3578
3556
3165
3435
3631
3269
3702
3777
3692
3781
3846
3477
3835
3606
4050
3683
3652
3686
3918
4249
3874
3957
4437
4576
4475
4312
4335
4419
4068
4512
4988
4519
4549
4615
4277
4317
4972
5046
4518
4908
4492
4523
5036
5346
5501
5089
5129
4732
5670
5486
5408
5224
5171
5217
5545
5716
5421
5380
5116
6200
5830
5856
6107
5954
6415
6408
6131
6174
6158
6236
6349
6354
6071
6347
6701
6004
6593
6115
6133
6868
6523
6690
6255
6579
6769
6668
6786
6763
7179
6482
6597
6524
6926
7430
6834
6725
6774
7426
7301
6958
6999
7713
7455
7088
7533
7331
7512
7499
7640
7307
7348
7495
7425
7367
7843
7711
7784
7567
8018
7754
7609
8205
8475
7662
7753
8036
8269
8526
7946
8475
8472
8058
8462
9179
9144
8770
9042
8751
8695
8641
9310
8933
8830
9664
8890
8476
8603
9481
8641
9145
9565
9148
8703
9197
9795
9201
8899
9629
9436
8953
9732
9690
9157
9766
9386
9357
10118
9679
9430
9812
9849
9853
9897
9928
9529
9854
10410
10230
9696
10422
10518
10375
9938
10810
10675
11096
11388
10761
10924
10763
11239
10528
10080
11185
10971
10614
11258
11118
10550
11311
10483
10928
11070
10833
11218
10881
10617
11619
11365
10799
11640
11626
12044
12051
10945
11539
11068
11635
11818
11399
11542
12392
11145
12042
11352
11720
12251
11392
11852
12575
13144
12428
12691
12922
12107
12046
11970
11868
13333
11907
12214
13233
12445
12279
12756
12687
12843
12132
13136
12639
13123
12224
12385
13652
12312
13171
12766
13374
13098
12560
13595
13309
13194
13013
13296
13348
13257
13947
14200
14159
14063
14435
13889
14230
13461
13571
13771
13475
13674
13733
14034
13319
14491
14180
14427
13736
14438
14311
13944
14519
14199
14624
13983
15123
13888
15161
14767
16618
15813
17417
17284
18624
18855
19967
20238
21121
21501
22722
22075
23142
23028
24400
24656
25116
25105
26002
26763
27608
27943
30049
31785
34299
37766
38884
41011
43319
45395
47650
50247
52463
53912
56407
59148
63327
64805
67139
68167
70759
73558
78168
145839
260797
403389
511744
600428
691485
776427
864705
952146
1036006
1122727
1208874
1293066
756510
797606
844034
889658
933886
980350
1023082
1071962
1110878
1156993
1204577
1250814
1296985
1340957
1387364
1428375
