2
15
30
50
70
114
135
156
176
202
216
237
258
341
306
314
337
358
380
400
418
442
457
481
502
517
541
561
579
607
619
638
664
683
705
733
825
765
787
803
839
845
869
885
911
932
956
980
1007
1034
1089
1048
1069
1093
1114
1127
1156
1175
1216
1221
1311
1254
1295
1385
1319
1357
1441
1391
1405
1503
1445
1546
1503
1480
1608
1561
1565
1682
1569
1672
1663
1680
1762
1721
1846
1746
1775
1838
1801
1900
1877
1872
1996
1933
1952
1970
1988
2011
2025
2109
2079
2091
2141
2200
2085
2178
2212
2266
2179
2296
2226
2305
2348
2287
2394
2306
2387
2445
2398
2501
2372
2511
2556
2571
2598
2514
2506
2594
2650
2613
2733
2729
2653
2799
2803
2658
2859
2812
2809
2837
2937
2783
2921
3005
2981
3021
2894
2906
3039
2978
2960
3152
3147
3018
3015
3166
3279
3273
3144
3118
3103
3111
3379
3171
3212
3340
3483
3256
3341
3358
3306
3504
3531
3604
3627
3467
3653
3486
3415
3515
3747
3646
3729
3803
3807
3589
3655
3750
3864
3698
3829
3698
3711
3763
3803
3854
4037
3930
4097
3961
4111
3810
3839
3878
4201
4037
4061
4063
4069
3925
4103
4183
4139
4166
4098
4394
4258
4571
4382
4603
4443
4238
4466
4382
4643
4601
4661
4638
4574
4375
4362
4419
4560
4809
4668
4725
4464
4577
4491
4883
4984
4659
4615
4839
5053
5139
4646
4923
4963
4652
4713
4779
5024
5186
5127
4910
4873
5133
5051
5001
4930
5279
5071
5024
5455
5386
5174
5223
4953
5242
5520
5402
5172
5490
5108
5779
5508
5421
5451
5651
5223
5786
5890
5302
5561
5513
5597
5748
5741
5805
5512
5758
5776
5952
5912
5448
5716
6254
5902
5633
5700
5924
6038
6027
6080
5671
5714
6273
6130
6168
6198
6073
6223
5895
6291
6330
6588
6494
6328
6167
5984
6078
6494
6128
6560
6389
6167
6629
6482
6867
6509
6530
6625
6683
6512
6615
6587
6702
6710
6294
6454
6801
7022
6407
6705
6446
6884
6930
6856
6690
7091
6561
6966
6803
6558
7139
7163
6640
6676
7383
7210
7138
7398
7515
7291
7170
7018
7314
7307
7196
7187
6943
7500
7630
7373
6937
7671
7547
7103
7430
7636
7180
7533
7212
8111
8147
8616
8577
9251
9435
9051
9886
9888
9765
11093
10792
11750
11665
11991
12269
12046
12284
13592
13037
13625
14236
14470
14454
14696
15930
17016
18386
19749
19907
22406
23429
25012
25490
26778
27431
30015
31217
31537
33116
33209
36496
36789
38017
38858
80856
161159
268532
358597
426963
485517
544324
601307
663695
723606
782152
844299
904547
435038
459102
486118
510972
536336
561876
586732
612294
638189
662032
686833
713066
738838
765980
789293
814060
