2
19
48
67
85
104
122
139
165
178
196
214
232
250
270
287
307
325
346
363
381
401
421
439
456
474
497
511
529
549
573
591
632
643
682
716
753
772
793
815
841
866
881
895
916
939
959
979
1016
1038
1050
1063
1087
1113
1126
1148
1210
1240
1261
1281
1302
1362
1360
1379
1473
1458
1453
1461
1473
1478
1486
1551
1590
1617
1620
1606
1621
1630
1663
1680
1750
1740
1750
1752
1782
1797
1818
1850
1925
1916
1947
1974
1956
1968
1989
2037
2130
2114
2121
2098
2108
2127
2158
2196
2304
2283
2279
2256
2277
2297
2334
2338
2426
2444
2453
2435
2439
2456
2509
2501
2693
2568
2567
2584
2608
2624
2642
2675
2734
2758
2765
2755
2770
2792
2818
2828
2927
2932
2920
2925
2938
2959
2981
3003
3107
3102
3092
3096
3108
3135
3149
3163
3268
3267
3259
3251
3265
3286
3309
3340
3487
3436
3424
3418
3427
3470
3469
3492
3613
3598
3586
3582
3590
3614
3637
3694
3799
3784
3767
3745
3761
3779
3799
3823
4029
3897
3918
3904
3945
3982
4045
4054
4191
4184
4190
4146
4177
4183
4218
4253
4444
4397
4376
4341
4375
4392
4419
4525
4627
4613
4599
4554
4560
4592
4608
4636
4811
4850
4832
4847
4802
4819
4852
4884
5055
5033
5070
4977
4965
5026
5057
5128
5347
5214
5257
5206
5290
5253
5303
5332
5529
5531
5476
5465
5493
5449
5436
5474
5653
5539
5573
5533
5546
5575
5552
5607
5795
5869
5826
5831
5784
5806
5811
5907
6053
5947
5951
5920
5951
5976
6003
6080
6293
6295
6281
6199
6179
6206
6240
6339
6667
6566
6564
6499
6462
6463
6470
6558
6865
6873
6851
6750
6704
6678
6714
6805
7139
7007
6975
6918
6912
6904
6960
7083
7371
7384
7377
7272
7208
7197
7259
7400
7762
7580
7543
7464
7430
7431
7477
7657
8133
8011
8012
7887
7801
7791
7904
8087
8483
8381
8306
8192
8160
8110
8153
8333
8691
8662
8632
8473
8392
8361
8403
8579
9023
8796
8759
8665
8612
8577
8605
8782
9304
9193
9213
9089
8955
8881
8944
9143
9619
9449
9432
9277
9131
9053
9130
9329
9830
9706
9690
9536
9420
9356
9445
9671
10157
9983
9948
9812
9679
9610
9667
9896
10411
10993
11483
12034
12481
12980
13491
14007
14543
15085
15578
16051
16611
17128
17595
18048
18585
19058
19580
20029
20361
20955
21412
21890
22351
24106
26090
28033
29853
31699
33501
35412
37278
39120
40996
42891
44729
46611
48499
50331
52165
53926
55486
57484
59592
89807
120708
154064
195742
242338
299899
369425
449427
501636
553163
605021
663936
718947
780430
838067
904101
965229
1028807
1095113
1152329
1217321
1287544
1348977
1409250
1479592
1540309
1602465
1676450
1724700
