11
567
1023
1639
2047
1206
1463
1783
2007
2273
2580
2937
3192
3333
3690
3891
4244
4312
4812
5076
5262
5554
5820
5836
6429
6974
6921
7383
7864
8014
8345
8677
9003
9156
9281
9290
9912
9649
10325
10836
10406
10400
10390
10969
11155
11525
11718
11937
12087
12430
12798
12957
13178
13469
13644
13860
14167
14367
14706
15061
15237
15351
15710
16034
15437
15600
15780
16035
16686
16751
16911
17173
18186
18618
18711
19065
19204
19584
19735
19971
20202
20473
20821
20962
21216
21535
21818
21991
22295
22636
22777
23056
23289
23429
23883
24065
24257
24511
24896
25110
25386
25568
25959
26127
26294
26630
26819
27139
27476
27661
27995
28250
28511
28901
29022
29328
29446
29804
30013
30335
30536
30869
31098
31455
31585
31830
32216
32513
32531
32906
33205
33419
33693
33939
34280
34363
34552
34848
35187
35399
35643
35931
36241
36343
36597
36860
37093
37368
37647
37893
38116
38436
38718
38942
39084
39479
39620
39842
40081
40358
40592
40740
41032
41266
41533
41738
42073
42315
42584
42766
43115
43324
43703
43774
44228
44456
44793
44965
45227
45549
45679
46055
46220
46428
46737
47003
47218
47431
47832
47936
48300
48555
48717
49008
49114
49323
49538
49776
49953
50319
50572
50786
50964
51224
51543
51732
52144
52292
52632
52862
53139
53267
53566
53868
54148
54251
54515
54876
55150
55320
55563
55774
56081
56358
56649
56838
57097
57382
57624
57883
58153
58449
58824
58849
58951
59195
59508
59671
59803
60071
60573
60648
60952
61231
61456
61759
61947
62184
62392
62822
62929
63106
63404
63526
63892
64111
64466
64601
65683
65282
65391
65601
65977
66130
66441
66620
66938
67159
67345
67713
67840
68256
68369
68680
69030
69101
69468
69694
69981
70206
70495
70761
70679
71099
71245
71555
71675
71991
72283
72543
72746
72985
73216
73638
73745
73929
74297
74591
74691
74862
75217
75487
75738
75922
76265
76502
76594
76819
77187
77541
77603
77836
78078
78216
78621
78785
79181
79433
79485
79845
80027
80317
80564
80871
81058
81328
81619
81844
82091
82342
82623
82969
83163
83461
83575
83947
84191
84460
84658
84793
85016
85333
85624
85888
86051
86250
86588
86766
87083
87415
87554
87725
88061
88331
88523
88823
88967
89262
89574
89872
90044
90330
90729
90729
90978
91295
91459
91442
92315
92368
92770
92950
93165
93407
93580
93997
94192
94434
94707
94988
95182
95521
95593
95794
96095
100450
104413
108286
112286
116166
119887
123724
127835
131197
134924
138698
142380
145929
149968
153592
157227
161291
165233
169364
173175
177243
180798
184819
188477
202445
219003
234478
249954
265493
280826
296181
311484
326844
342100
357641
373020
388522
404212
423103
434966
450753
467627
481839
498274
745621
996127
1244347
1502877
1750602
1999863
2250347
2516479
2775041
3009106
3265101
3521554
3782647
4039876
4299927
4559921
4827212
5078249
5335566
5595790
5849341
6110096
6362991
6622536
6877322
7135174
7395102
7648610
7905897
